100 993
0 20
0 48
0 51
0 56
0 57
0 59
0 71
1 40
1 42
1 52
1 55
1 56
1 62
1 69
1 71
1 72
1 85
1 94
2 9
2 18
2 35
2 47
2 65
2 69
2 81
3 41
3 47
3 73
3 80
3 87
3 88
3 94
3 95
4 16
4 17
4 29
4 51
4 65
4 77
4 78
4 84
4 85
5 45
5 53
5 62
5 70
5 71
6 22
6 26
6 28
6 63
6 71
6 80
6 86
6 95
7 7
7 13
7 16
7 33
7 50
7 60
7 70
7 71
7 72
7 79
7 83
7 84
7 88
7 95
8 0
8 7
8 13
8 24
8 38
8 46
8 50
8 56
8 57
8 75
8 89
9 25
9 31
9 51
9 72
9 79
10 5
10 17
10 18
10 47
10 48
10 49
10 52
10 58
10 68
10 81
10 85
10 91
11 2
11 6
11 13
11 16
11 50
11 67
11 74
11 88
12 15
12 19
12 29
12 42
12 55
12 70
12 73
12 75
12 84
12 95
12 96
13 10
13 24
13 28
13 49
13 52
13 53
13 55
13 59
13 69
13 74
13 88
13 92
13 96
13 97
14 0
14 4
14 15
14 22
14 48
14 49
14 62
14 64
14 65
14 75
14 78
14 86
15 22
15 43
15 45
15 63
15 71
15 74
15 84
15 85
15 87
15 91
15 94
16 3
16 19
16 21
16 39
16 51
16 88
16 92
17 0
17 6
17 20
17 21
17 25
17 34
17 36
17 54
17 74
17 82
18 34
18 35
18 42
18 43
18 60
18 66
18 67
18 72
18 77
18 90
19 0
19 11
19 12
19 19
19 33
19 37
19 41
19 53
19 59
19 61
19 64
20 0
20 3
20 7
20 8
20 12
20 26
20 27
20 35
20 39
20 49
20 71
20 72
21 14
21 20
21 21
21 33
21 39
21 79
21 84
21 85
22 19
22 23
22 29
22 34
22 51
22 59
22 74
22 97
23 14
23 26
23 31
23 42
23 48
23 69
23 70
24 20
24 26
24 42
24 62
24 63
24 80
24 86
24 87
24 88
24 91
24 98
25 3
25 17
25 26
25 37
25 53
25 54
25 64
25 84
25 87
25 92
26 13
26 22
26 28
26 40
26 50
26 68
26 80
26 89
26 94
26 99
27 7
27 9
27 16
27 24
27 27
27 37
27 43
27 45
27 62
27 67
27 71
27 77
28 12
28 14
28 16
28 23
28 26
28 29
28 39
28 41
28 44
28 47
28 65
28 91
29 0
29 1
29 6
29 26
29 47
29 48
29 57
29 64
29 68
29 71
30 0
30 1
30 3
30 14
30 23
30 27
30 38
30 40
30 55
30 59
30 66
30 69
30 85
30 87
30 90
30 94
30 97
31 11
31 31
31 41
31 48
31 70
31 76
31 79
31 99
32 6
32 22
32 26
32 33
32 34
32 35
32 37
32 39
32 50
32 53
32 54
32 56
32 57
32 69
32 87
32 90
32 96
33 1
33 12
33 18
33 19
33 20
33 21
33 36
33 48
33 51
33 54
33 55
33 78
34 15
34 26
34 29
34 43
34 44
34 75
34 83
34 87
35 21
35 22
35 36
35 38
35 41
35 51
35 56
35 57
35 59
35 62
35 71
36 5
36 7
36 8
36 13
36 15
36 37
36 56
36 71
36 86
36 88
37 1
37 7
37 28
37 29
37 32
37 37
37 45
37 50
37 52
37 64
37 79
37 82
37 84
37 89
37 94
38 11
38 12
38 15
38 35
39 11
39 18
39 20
39 29
39 35
39 43
39 45
39 54
39 76
40 2
40 13
40 22
40 36
40 39
40 45
40 55
40 56
40 63
40 83
40 86
40 91
40 98
41 0
41 13
41 33
41 35
41 38
41 40
41 50
41 58
41 79
42 8
42 11
42 37
42 45
42 50
42 55
42 79
42 84
42 85
42 88
42 98
43 52
43 55
43 59
43 66
43 69
44 4
44 9
44 17
44 42
44 54
44 63
44 65
44 69
44 86
44 96
44 97
45 20
45 36
45 43
45 54
45 70
45 75
46 16
46 20
46 40
46 56
46 62
46 65
46 80
46 92
47 4
47 8
47 10
47 19
47 42
47 49
47 60
47 67
47 73
47 75
47 96
48 2
48 10
48 12
48 15
48 19
48 23
48 24
48 34
48 46
48 61
48 70
48 74
48 75
48 79
48 85
48 92
49 5
49 11
49 15
49 29
49 54
49 72
49 84
49 92
49 98
50 1
50 5
50 13
50 41
50 44
50 51
50 86
50 95
51 3
51 32
51 40
51 50
51 77
51 81
52 3
52 8
52 10
52 24
52 50
52 56
52 69
52 85
52 96
52 98
53 1
53 10
53 13
53 16
53 30
53 40
53 54
53 58
53 73
53 75
53 83
53 84
54 0
54 8
54 24
54 37
54 47
54 48
54 58
54 60
54 65
54 70
54 76
54 77
54 96
55 10
55 16
55 35
55 49
55 53
55 70
55 85
55 96
56 4
56 13
56 16
56 25
56 29
56 45
56 49
56 51
56 52
56 65
56 67
56 75
56 82
56 88
56 89
57 23
57 24
57 43
57 44
57 59
57 60
57 70
57 76
57 88
57 91
58 0
58 5
58 16
58 19
58 29
58 39
58 60
58 79
58 98
59 5
59 39
59 40
59 41
59 77
59 78
59 79
59 92
60 6
60 7
60 9
60 17
60 26
60 29
60 36
60 45
60 46
60 54
60 56
60 59
60 65
60 95
61 1
61 9
61 24
61 39
61 49
61 67
61 78
61 88
62 0
62 3
62 44
62 45
62 56
62 57
62 63
62 79
62 83
62 89
63 5
63 12
63 13
63 21
63 29
63 33
63 34
63 37
63 41
63 46
63 57
63 60
63 62
63 64
63 70
63 79
63 86
63 98
64 7
64 17
64 28
64 30
64 34
64 51
64 57
64 83
64 86
65 1
65 5
65 12
65 36
65 45
65 51
65 62
65 74
65 85
65 91
66 13
66 21
66 34
66 41
66 45
66 64
66 87
66 89
67 14
67 19
67 26
67 37
67 38
67 49
67 55
67 56
67 64
67 76
67 84
68 26
68 40
68 44
68 48
68 56
68 86
68 96
69 12
69 19
69 48
69 64
69 68
69 94
70 0
70 9
70 12
70 31
70 37
70 44
70 55
70 81
70 90
71 9
71 12
71 17
71 27
71 31
71 59
71 64
71 71
71 74
72 0
72 2
72 5
72 21
72 50
72 54
72 96
73 0
73 3
73 7
73 8
73 10
73 42
73 48
73 74
73 75
73 87
73 93
73 94
74 10
74 16
74 17
74 20
74 36
74 39
74 59
74 77
74 79
74 88
74 95
75 5
75 24
75 30
75 32
75 40
75 45
75 60
75 70
75 98
76 8
76 17
76 22
76 41
76 57
76 68
76 69
76 72
76 74
76 82
77 3
77 4
77 10
77 20
77 22
77 23
77 27
77 35
77 80
78 12
78 13
78 21
78 27
78 29
78 46
78 48
78 56
78 57
78 60
78 79
79 17
79 26
79 43
79 51
79 55
79 65
79 96
80 1
80 4
80 15
80 23
80 25
80 29
80 32
80 35
80 53
80 54
80 78
80 88
80 90
80 93
81 25
81 53
81 60
81 83
82 6
82 29
82 33
82 49
82 68
82 74
82 98
83 0
83 17
83 33
83 39
83 59
83 63
83 69
83 82
83 88
84 11
84 19
84 23
84 30
84 34
84 48
84 62
84 65
84 71
84 72
84 76
84 77
85 12
85 24
85 26
85 28
85 30
85 45
85 50
85 68
85 73
85 76
85 80
85 82
85 87
86 2
86 12
86 29
86 36
86 49
86 58
86 59
86 63
86 70
86 74
86 95
87 15
87 26
87 98
88 0
88 18
88 22
88 23
88 45
88 62
88 65
88 66
88 81
88 91
88 92
88 96
89 4
89 6
89 13
89 19
89 22
89 45
89 54
89 59
89 70
89 79
89 90
89 94
90 8
90 9
90 49
90 51
90 73
90 83
90 86
90 87
90 90
90 91
91 14
91 17
91 33
91 48
91 62
91 72
91 85
91 92
91 96
92 6
92 21
92 22
92 23
92 32
92 48
92 52
92 54
92 69
92 70
92 78
92 81
92 94
93 5
93 8
93 26
93 59
93 68
93 70
93 74
93 88
93 93
93 94
94 3
94 15
94 31
94 34
94 48
94 49
94 50
94 55
94 65
94 66
94 70
94 87
95 9
95 15
95 21
95 25
95 31
95 43
95 50
95 54
95 58
95 72
95 79
95 90
95 98
96 16
96 25
96 32
96 34
96 39
96 40
96 53
96 56
96 58
96 72
96 99
97 10
97 27
97 30
97 73
97 95
98 8
98 33
98 41
98 58
98 62
98 69
98 72
98 73
98 97
99 1
99 5
99 11
99 17
99 35
99 42
99 48
99 61
99 68
